0.000000000000000000e+00 9.427665764008132804e-03
1.000000000000000000e+00 2.341567899872061109e-03
2.000000000000000000e+00 -2.087489113670822072e-02
3.000000000000000000e+00 6.589115025876173155e-03
4.000000000000000000e+00 -1.016446725999899381e-01
5.000000000000000000e+00 -2.241608278124770925e-02
6.000000000000000000e+00 -9.019718126579512329e-02
7.000000000000000000e+00 1.348494234048852602e-02
8.000000000000000000e+00 1.773302431979599525e-02
9.000000000000000000e+00 -3.980326247476644735e-02
1.000000000000000000e+01 4.006538042287161039e-02
1.100000000000000000e+01 1.979152755680739506e-02
1.200000000000000000e+01 1.467860436241284240e-02
1.300000000000000000e+01 -1.807019302675698380e-02
1.400000000000000000e+01 2.363965018423700229e-02
1.500000000000000000e+01 5.271035178178835878e-02
1.600000000000000000e+01 -3.302215953800768933e-02
1.700000000000000000e+01 -4.084222129300951742e-02
1.800000000000000000e+01 5.945053785291951054e-02
1.900000000000000000e+01 -1.159214238843703088e-01
2.000000000000000000e+01 -1.308645047193967570e-01
2.100000000000000000e+01 -9.073635437836315154e-02
2.200000000000000000e+01 9.087051491476516238e-03
2.300000000000000000e+01 7.618710365945223668e-03
2.400000000000000000e+01 2.482525191791394581e-02
2.500000000000000000e+01 3.798864521136098571e-03
2.600000000000000000e+01 7.686899038654987359e-02
2.700000000000000000e+01 7.878917229310820891e-02
2.800000000000000000e+01 5.795053194314780942e-02
2.900000000000000000e+01 -5.779001357437676956e-02
3.000000000000000000e+01 1.817889429952219624e-02
3.100000000000000000e+01 -4.331013403504709730e-02
3.200000000000000000e+01 -2.503551827967633037e-02
3.300000000000000000e+01 -5.116811007434238223e-02
3.400000000000000000e+01 5.356213313865847451e-04
3.500000000000000000e+01 2.720620417937765975e-02
3.600000000000000000e+01 3.934602492034305378e-03
3.700000000000000000e+01 -5.966843451814637933e-02
3.800000000000000000e+01 -7.630175939913014238e-02
3.900000000000000000e+01 -3.810424026225658900e-02
4.000000000000000000e+01 -3.888191786879733464e-02
4.100000000000000000e+01 3.921365835535423061e-02
4.200000000000000000e+01 -1.596404293741595509e-02
4.300000000000000000e+01 -9.433316945255926234e-03
4.400000000000000000e+01 -7.846753349141233000e-03
4.500000000000000000e+01 5.484240739280708127e-02
4.600000000000000000e+01 8.180575610799763198e-02
4.700000000000000000e+01 2.135292685870896282e-02
4.800000000000000000e+01 -1.241529165934616985e-02
4.900000000000000000e+01 7.012507631428202548e-02
5.000000000000000000e+01 2.191206965087664355e-02
5.100000000000000000e+01 -2.105484425329069015e-02
5.200000000000000000e+01 5.052868556487698920e-02
5.300000000000000000e+01 1.036149730057501182e-02
5.400000000000000000e+01 -7.170153644760422773e-02
5.500000000000000000e+01 3.134531529851480869e-02
5.600000000000000000e+01 1.499126008876452976e-02
5.700000000000000000e+01 -9.283207111120334032e-02
5.800000000000000000e+01 -1.075521577601978862e-01
5.900000000000000000e+01 6.815050268513622375e-03
6.000000000000000000e+01 3.416781272896348559e-02
6.100000000000000000e+01 3.042900250638483697e-02
6.200000000000000000e+01 -6.804898869522778282e-02
6.300000000000000000e+01 -1.735049745557924392e-02
6.400000000000000000e+01 3.332949595142947058e-02
6.500000000000000000e+01 -7.678761043959450583e-02
6.600000000000000000e+01 4.264149108957411734e-03
6.700000000000000000e+01 1.066646346988287149e-02
6.800000000000000000e+01 4.618779845319848087e-02
6.900000000000000000e+01 -1.226945965165630315e-01
7.000000000000000000e+01 7.249366350055810870e-03
7.100000000000000000e+01 1.009060926170189110e-01
7.200000000000000000e+01 -3.106036693955263953e-02
7.300000000000000000e+01 -1.581196638160938667e-02
7.400000000000000000e+01 4.769961151091980933e-02
7.500000000000000000e+01 -3.815713005413028103e-02
7.600000000000000000e+01 5.784774422990648923e-02
7.700000000000000000e+01 2.702665806223827905e-02
7.800000000000000000e+01 -7.870367125667541985e-02
7.900000000000000000e+01 5.029670884002774602e-03
8.000000000000000000e+01 -7.294909794932481761e-02
8.100000000000000000e+01 4.762739092160979404e-02
8.200000000000000000e+01 -8.403372363851466242e-02
8.300000000000000000e+01 -9.058768573588309170e-02
8.400000000000000000e+01 -5.686522056359879368e-02
8.500000000000000000e+01 -4.015363330751964971e-02
8.600000000000000000e+01 6.574703937612344506e-02
8.700000000000000000e+01 -9.128767583831051951e-04
8.800000000000000000e+01 1.455022711897734078e-02
8.900000000000000000e+01 5.374498742791015971e-02
9.000000000000000000e+01 -3.489049500540145760e-02
9.100000000000000000e+01 -2.891628584965731663e-02
9.200000000000000000e+01 -4.237262689059251991e-02
9.300000000000000000e+01 3.924523237205330972e-02
9.400000000000000000e+01 8.166381048275066223e-02
9.500000000000000000e+01 1.293712472097658522e-02
9.600000000000000000e+01 -3.116399967802029741e-02
9.700000000000000000e+01 -2.601805134621457127e-02
9.800000000000000000e+01 -5.561571449542560691e-02
9.900000000000000000e+01 3.655726849877183326e-02
1.000000000000000000e+02 -5.314643808951372006e-02
1.010000000000000000e+02 -1.273165323273272101e-02
1.020000000000000000e+02 -5.844806718359628339e-02
1.030000000000000000e+02 -9.497315490289201523e-02
1.040000000000000000e+02 -1.269977700570851797e-01
1.050000000000000000e+02 -4.449807536664139584e-02
1.060000000000000000e+02 1.090392509517095106e-02
1.070000000000000000e+02 -1.589077803272360978e-02
1.080000000000000000e+02 -1.117874398453926402e-02
1.090000000000000000e+02 -5.356899348797823646e-02
1.100000000000000000e+02 -4.658407738232825390e-02
1.110000000000000000e+02 -5.338511615591622073e-02
1.120000000000000000e+02 1.056168440239304077e-02
1.130000000000000000e+02 1.023827436809846420e-01
1.140000000000000000e+02 -6.818623019122675884e-03
1.150000000000000000e+02 -6.846401692643801218e-02
1.160000000000000000e+02 6.363117105795453032e-02
1.170000000000000000e+02 -4.992831469776734532e-02
1.180000000000000000e+02 2.787664017465635649e-02
1.190000000000000000e+02 -2.213275963253206330e-02
1.200000000000000000e+02 4.054174783584453198e-03
1.210000000000000000e+02 1.716331909061580840e-01
1.220000000000000000e+02 -3.737628774222302025e-02
1.230000000000000000e+02 -2.933398790252408905e-02
1.240000000000000000e+02 1.876181767693312075e-02
1.250000000000000000e+02 -1.097278586918847649e-03
1.260000000000000000e+02 -2.030346649815007593e-02
1.270000000000000000e+02 -3.442027384006849516e-02
1.280000000000000000e+02 2.952482888553154688e-02
1.290000000000000000e+02 5.386900589087160324e-02
1.300000000000000000e+02 -4.760397168343050850e-02
1.310000000000000000e+02 -5.682135278355145841e-02
1.320000000000000000e+02 9.149570505693874201e-02
1.330000000000000000e+02 -7.125729840117797642e-02
1.340000000000000000e+02 3.576733311004826055e-02
1.350000000000000000e+02 2.195722222336277812e-02
1.360000000000000000e+02 -5.514737709158190615e-02
1.370000000000000000e+02 3.797609500928072340e-02
1.380000000000000000e+02 -5.515900080458426002e-02
1.390000000000000000e+02 -5.447522873374810448e-02
1.400000000000000000e+02 -6.947453964653430014e-02
1.410000000000000000e+02 4.171794966031323187e-02
1.420000000000000000e+02 -2.246247192515476998e-02
1.430000000000000000e+02 5.426868447846835281e-02
1.440000000000000000e+02 -4.049925275548896253e-02
1.450000000000000000e+02 3.074292106879196115e-02
1.460000000000000000e+02 7.038287570532164583e-02
1.470000000000000000e+02 -4.285143688439312440e-03
1.480000000000000000e+02 -5.625314047034708081e-02
1.490000000000000000e+02 -1.710412750028715567e-02
1.500000000000000000e+02 6.286739112219696946e-02
1.510000000000000000e+02 3.699274561077295354e-02
1.520000000000000000e+02 -1.925205874437095274e-02
1.530000000000000000e+02 -8.715984218596835309e-02
1.540000000000000000e+02 3.584964440149480958e-02
1.550000000000000000e+02 8.163529495662440183e-02
1.560000000000000000e+02 8.254066944455490384e-02
1.570000000000000000e+02 2.177604891779086338e-02
1.580000000000000000e+02 -9.383824842038533329e-03
1.590000000000000000e+02 -3.910070958845626721e-02
1.600000000000000000e+02 -2.837908646966320197e-02
1.610000000000000000e+02 -8.218139190245271619e-02
1.620000000000000000e+02 1.071000967485405825e-01
1.630000000000000000e+02 -8.959088140948480135e-04
1.640000000000000000e+02 1.197682338871019769e-01
1.650000000000000000e+02 -3.062463962441110826e-03
1.660000000000000000e+02 -8.011693761369599598e-02
1.670000000000000000e+02 9.403978262346612826e-02
1.680000000000000000e+02 -4.183673653210338156e-02
1.690000000000000000e+02 -2.051199883187969711e-02
1.700000000000000000e+02 8.408144334514680573e-02
1.710000000000000000e+02 7.491155549808722891e-02
1.720000000000000000e+02 -9.896205126332593971e-02
1.730000000000000000e+02 2.841707582390818037e-03
1.740000000000000000e+02 -5.117153724507823853e-02
1.750000000000000000e+02 3.086556692921185382e-02
1.760000000000000000e+02 9.522145215680322128e-02
1.770000000000000000e+02 -2.044224072820093746e-02
1.780000000000000000e+02 8.104622910429956639e-02
1.790000000000000000e+02 -3.894088629866680057e-02
1.800000000000000000e+02 1.173881079390015209e-01
1.810000000000000000e+02 -3.101988355384912785e-02
1.820000000000000000e+02 -1.117724933639924548e-02
1.830000000000000000e+02 2.884417497211364326e-02
1.840000000000000000e+02 -5.369547745501730002e-02
1.850000000000000000e+02 9.654934403602018211e-02
1.860000000000000000e+02 -3.121605421284803089e-02
1.870000000000000000e+02 5.678993528512196742e-02
1.880000000000000000e+02 -3.381953315481170397e-02
1.890000000000000000e+02 4.159959154065154957e-02
1.900000000000000000e+02 4.223908768176790063e-02
1.910000000000000000e+02 3.152048474060927669e-02
1.920000000000000000e+02 8.550168978589689495e-02
1.930000000000000000e+02 1.779775470129746351e-02
1.940000000000000000e+02 1.655149773674743363e-01
1.950000000000000000e+02 1.193698384852256295e-01
1.960000000000000000e+02 -5.409855783159546634e-03
1.970000000000000000e+02 2.656885118926810008e-01
1.980000000000000000e+02 2.270718761696971510e-01
1.990000000000000000e+02 3.305492905073100229e-01
2.000000000000000000e+02 3.036532019410538297e-01
2.010000000000000000e+02 2.720741282100344605e-01
2.020000000000000000e+02 4.518942881340210493e-01
2.030000000000000000e+02 5.160186149457191007e-01
2.040000000000000000e+02 6.981677621860170602e-01
2.050000000000000000e+02 8.182224578524820435e-01
2.060000000000000000e+02 1.015182816331484439e+00
2.070000000000000000e+02 1.098874349119486116e+00
2.080000000000000000e+02 1.391141669809205617e+00
2.090000000000000000e+02 1.583840208230141489e+00
2.100000000000000000e+02 1.870827327342161617e+00
2.110000000000000000e+02 1.996737493104614458e+00
2.120000000000000000e+02 2.307095854514616740e+00
2.130000000000000000e+02 2.657178627143641059e+00
2.140000000000000000e+02 2.753575217968539768e+00
2.150000000000000000e+02 3.073652496323758143e+00
2.160000000000000000e+02 3.306543990774895470e+00
2.170000000000000000e+02 3.415814443760847308e+00
2.180000000000000000e+02 3.609824103686071872e+00
2.190000000000000000e+02 3.720277016797334912e+00
2.200000000000000000e+02 3.815637642930223006e+00
2.210000000000000000e+02 3.747886587941036574e+00
2.220000000000000000e+02 3.750711987850248619e+00
2.230000000000000000e+02 3.749872309616727240e+00
2.240000000000000000e+02 3.592847018238632728e+00
2.250000000000000000e+02 3.525150228560329779e+00
2.260000000000000000e+02 3.358487291478735148e+00
2.270000000000000000e+02 3.132062526048940310e+00
2.280000000000000000e+02 3.111273536154458785e+00
2.290000000000000000e+02 3.022802706239239523e+00
2.300000000000000000e+02 2.765027960488786629e+00
2.310000000000000000e+02 2.641437047734238597e+00
2.320000000000000000e+02 2.479669212258547972e+00
2.330000000000000000e+02 2.344706870793511477e+00
2.340000000000000000e+02 2.284081708386727083e+00
2.350000000000000000e+02 2.243309283252403308e+00
2.360000000000000000e+02 2.229608551746261824e+00
2.370000000000000000e+02 2.105244156499765040e+00
2.380000000000000000e+02 1.975538030963326586e+00
2.390000000000000000e+02 1.924773721139579896e+00
2.400000000000000000e+02 2.044844796144317467e+00
2.410000000000000000e+02 1.987522754337827768e+00
2.420000000000000000e+02 1.940126705702544641e+00
2.430000000000000000e+02 1.921672851312829833e+00
2.440000000000000000e+02 1.941059784207228356e+00
2.450000000000000000e+02 2.051688220484774394e+00
2.460000000000000000e+02 1.997775286599962952e+00
2.470000000000000000e+02 1.936974340851480791e+00
2.480000000000000000e+02 2.057096029679677418e+00
2.490000000000000000e+02 2.033137507862610605e+00
2.500000000000000000e+02 2.004441772948622358e+00
2.510000000000000000e+02 2.047605911510675281e+00
2.520000000000000000e+02 1.970696878004887465e+00
2.530000000000000000e+02 2.051667926225086536e+00
2.540000000000000000e+02 1.920133880798722714e+00
2.550000000000000000e+02 1.930678751957567441e+00
2.560000000000000000e+02 1.888170046197157559e+00
2.570000000000000000e+02 1.914210448350033511e+00
2.580000000000000000e+02 1.872265646191343169e+00
2.590000000000000000e+02 1.864431768804278633e+00
2.600000000000000000e+02 1.852834309811947966e+00
2.610000000000000000e+02 1.848250138595736614e+00
2.620000000000000000e+02 1.794037926920183601e+00
2.630000000000000000e+02 1.764046736325005860e+00
2.640000000000000000e+02 1.795326682058504986e+00
2.650000000000000000e+02 1.664707447186958955e+00
2.660000000000000000e+02 1.567652161226536833e+00
2.670000000000000000e+02 1.650637113383361276e+00
2.680000000000000000e+02 1.657660710687209216e+00
2.690000000000000000e+02 1.538656271137182285e+00
2.700000000000000000e+02 1.535626801922610918e+00
2.710000000000000000e+02 1.426448438419091413e+00
2.720000000000000000e+02 1.435575676538137557e+00
2.730000000000000000e+02 1.426923559435549382e+00
2.740000000000000000e+02 1.384702128672438359e+00
2.750000000000000000e+02 1.311579006443001294e+00
2.760000000000000000e+02 1.395107811830418543e+00
2.770000000000000000e+02 1.299545676770239577e+00
2.780000000000000000e+02 1.317114242355328146e+00
2.790000000000000000e+02 1.272978346210739797e+00
2.800000000000000000e+02 1.280818319822556450e+00
2.810000000000000000e+02 1.270537584087529037e+00
2.820000000000000000e+02 1.201999126474083912e+00
2.830000000000000000e+02 1.245474419665633770e+00
2.840000000000000000e+02 1.304674311475791715e+00
2.850000000000000000e+02 1.291134287491908506e+00
2.860000000000000000e+02 1.225359076514909162e+00
2.870000000000000000e+02 1.268674672991208396e+00
2.880000000000000000e+02 1.116975083296895432e+00
2.890000000000000000e+02 1.254671857528001810e+00
2.900000000000000000e+02 1.183791302010071211e+00
2.910000000000000000e+02 1.089709417127491475e+00
2.920000000000000000e+02 1.186035810092750387e+00
2.930000000000000000e+02 1.224722951096252066e+00
2.940000000000000000e+02 1.138367973985457970e+00
2.950000000000000000e+02 1.266146187820421209e+00
2.960000000000000000e+02 1.231481477883294984e+00
2.970000000000000000e+02 1.093380921433183772e+00
2.980000000000000000e+02 1.198897638871433191e+00
2.990000000000000000e+02 1.143373356202213476e+00
3.000000000000000000e+02 1.097415987809449378e+00
3.010000000000000000e+02 1.094191176290598255e+00
3.020000000000000000e+02 1.070533256366617003e+00
3.030000000000000000e+02 1.012443726943138556e+00
3.040000000000000000e+02 1.029042099937735211e+00
3.050000000000000000e+02 1.062068172409813105e+00
3.060000000000000000e+02 1.072562020620739132e+00
3.070000000000000000e+02 1.045981170205846578e+00
3.080000000000000000e+02 9.143045542467903575e-01
3.090000000000000000e+02 9.052936603568841889e-01
3.100000000000000000e+02 8.348338700774935450e-01
3.110000000000000000e+02 8.946176139885194667e-01
3.120000000000000000e+02 7.249132030289151540e-01
3.130000000000000000e+02 7.024781859331465927e-01
3.140000000000000000e+02 7.015239470120342435e-01
3.150000000000000000e+02 7.081544560268427935e-01
3.160000000000000000e+02 6.416132880541810524e-01
3.170000000000000000e+02 6.214688380372185295e-01
3.180000000000000000e+02 5.846132646866357696e-01
3.190000000000000000e+02 5.568065610261050402e-01
3.200000000000000000e+02 4.570056567061917541e-01
3.210000000000000000e+02 4.562060132371389409e-01
3.220000000000000000e+02 4.675196338640386640e-01
3.230000000000000000e+02 4.192770253541623360e-01
3.240000000000000000e+02 4.278407751325252750e-01
3.250000000000000000e+02 3.051589229635587319e-01
3.260000000000000000e+02 3.585439283209108652e-01
3.270000000000000000e+02 3.588501458656357390e-01
3.280000000000000000e+02 2.522468637519180712e-01
3.290000000000000000e+02 2.481236167565362694e-01
3.300000000000000000e+02 2.231373749666192563e-01
3.310000000000000000e+02 2.173034348245136693e-01
3.320000000000000000e+02 1.901261895966374071e-01
3.330000000000000000e+02 2.259474857688518745e-01
3.340000000000000000e+02 1.613707303091422574e-01
3.350000000000000000e+02 1.635878997202113438e-01
3.360000000000000000e+02 1.229674764455670893e-01
3.370000000000000000e+02 4.163011576251843954e-02
3.380000000000000000e+02 1.039401239251592501e-01
3.390000000000000000e+02 6.047766807324208432e-02
3.400000000000000000e+02 3.099663339485112662e-02
3.410000000000000000e+02 9.802029241017390371e-03
3.420000000000000000e+02 4.368674054775813220e-02
3.430000000000000000e+02 1.035985741647330732e-02
3.440000000000000000e+02 1.370098019406859324e-01
3.450000000000000000e+02 1.098536796749449707e-01
3.460000000000000000e+02 1.228572969587090821e-02
3.470000000000000000e+02 5.727177345765382954e-02
3.480000000000000000e+02 7.634848111977814156e-02
3.490000000000000000e+02 6.994032588188396279e-03
3.500000000000000000e+02 1.055811924648593775e-01
3.510000000000000000e+02 5.715935239041156773e-02
3.520000000000000000e+02 4.160546321522880578e-03
3.530000000000000000e+02 -8.225782159465347410e-02
3.540000000000000000e+02 -4.189555460671474246e-02
3.550000000000000000e+02 2.123447963176962328e-02
3.560000000000000000e+02 -1.754104579125050078e-02
3.570000000000000000e+02 2.556715019590200325e-03
3.580000000000000000e+02 -3.642092159241346744e-02
3.590000000000000000e+02 1.475034167739709343e-02
3.600000000000000000e+02 -2.095900462324623223e-02
3.610000000000000000e+02 -7.604928378153807955e-02
3.620000000000000000e+02 -1.580066499741000427e-02
3.630000000000000000e+02 -2.756942201481816720e-02
3.640000000000000000e+02 -7.675488188585018190e-02
3.650000000000000000e+02 7.182097046998882350e-02
3.660000000000000000e+02 -3.274920740586223164e-03
3.670000000000000000e+02 -1.592429814559987583e-02
3.680000000000000000e+02 3.785033595758651587e-02
3.690000000000000000e+02 -3.868249258304086273e-03
3.700000000000000000e+02 3.857021019976166615e-02
3.710000000000000000e+02 -7.387175958754324534e-02
3.720000000000000000e+02 -5.170715562646838181e-02
3.730000000000000000e+02 2.735910041293007980e-02
3.740000000000000000e+02 7.467061235955732568e-02
3.750000000000000000e+02 1.559083379091512475e-03
3.760000000000000000e+02 1.086674946528362086e-02
3.770000000000000000e+02 -4.113764811318759707e-02
3.780000000000000000e+02 -1.470384572507079431e-03
3.790000000000000000e+02 -3.542671713228397884e-02
3.800000000000000000e+02 -7.996632506733795595e-03
3.810000000000000000e+02 3.612556101086276256e-02
3.820000000000000000e+02 -9.992948576642114722e-02
3.830000000000000000e+02 1.065783135484565415e-02
3.840000000000000000e+02 -4.022217889318023543e-02
3.850000000000000000e+02 -3.232545446822464308e-02
3.860000000000000000e+02 5.691135709294977557e-02
3.870000000000000000e+02 1.477399766804008384e-02
3.880000000000000000e+02 4.668296889333110183e-02
3.890000000000000000e+02 -8.818764121133004785e-02
3.900000000000000000e+02 -2.051003829661575059e-02
3.910000000000000000e+02 -2.268276966579837323e-02
3.920000000000000000e+02 -2.947105639312227673e-02
3.930000000000000000e+02 2.201203522892166559e-02
3.940000000000000000e+02 4.479629826408906834e-02
3.950000000000000000e+02 -5.533878190482063170e-02
3.960000000000000000e+02 -4.813301216129593774e-02
3.970000000000000000e+02 -6.259778855291915634e-02
3.980000000000000000e+02 5.738039297962937990e-02
3.990000000000000000e+02 -2.573670398899183948e-02
4.000000000000000000e+02 -5.069009228609557688e-03
4.010000000000000000e+02 -1.661051291273888189e-02
4.020000000000000000e+02 -4.818281443192573565e-02
4.030000000000000000e+02 1.866305906680076204e-02
4.040000000000000000e+02 1.915135074225991427e-02
4.050000000000000000e+02 4.706628427783534491e-02
4.060000000000000000e+02 -1.127100061411014445e-02
4.070000000000000000e+02 -1.485436863876834351e-02
4.080000000000000000e+02 -2.927608566987846550e-02
4.090000000000000000e+02 7.440707948459318599e-02
4.100000000000000000e+02 5.037835005398717814e-02
4.110000000000000000e+02 -2.019259859547563579e-03
4.120000000000000000e+02 3.244868066428707731e-02
4.130000000000000000e+02 -2.929218712268141095e-02
4.140000000000000000e+02 1.027237382652688158e-01
4.150000000000000000e+02 -2.957831240170239254e-02
4.160000000000000000e+02 -1.898444769770027060e-02
4.170000000000000000e+02 -1.855157584477793581e-02
4.180000000000000000e+02 8.506174830040534596e-02
4.190000000000000000e+02 7.380121821393805306e-03
4.200000000000000000e+02 5.422092818621997157e-02
4.210000000000000000e+02 -5.504847906332534409e-03
4.220000000000000000e+02 -6.064874855253018365e-02
4.230000000000000000e+02 3.877400869772296838e-02
4.240000000000000000e+02 -3.132282731381556828e-02
4.250000000000000000e+02 -6.592612556848195804e-02
4.260000000000000000e+02 -2.080377720687922802e-02
4.270000000000000000e+02 3.158285505027265405e-02
4.280000000000000000e+02 8.821425294109655479e-02
4.290000000000000000e+02 -6.937389672444650712e-02
4.300000000000000000e+02 -1.099528995482482729e-01
4.310000000000000000e+02 4.650784986970696311e-02
4.320000000000000000e+02 1.500256294754423805e-02
4.330000000000000000e+02 -2.817364552862548083e-02
4.340000000000000000e+02 2.091809583171070144e-02
4.350000000000000000e+02 3.647215368906864263e-02
4.360000000000000000e+02 9.560343732686688023e-02
4.370000000000000000e+02 -6.517096614092782701e-03
4.380000000000000000e+02 6.399000858153677807e-02
4.390000000000000000e+02 -2.258779707975152456e-02
4.400000000000000000e+02 -2.548343703068557328e-02
4.410000000000000000e+02 2.118867150972634020e-02
4.420000000000000000e+02 -5.574837520977442978e-02
4.430000000000000000e+02 -6.509795130079774894e-02
4.440000000000000000e+02 4.815965485702135285e-02
4.450000000000000000e+02 -9.815375339742983540e-02
4.460000000000000000e+02 5.667412758664632129e-03
4.470000000000000000e+02 -1.623711320204833039e-02
4.480000000000000000e+02 -1.865100961575278521e-02
4.490000000000000000e+02 -6.661526467582140620e-02
4.500000000000000000e+02 -1.017951217503494932e-01
4.510000000000000000e+02 -3.304542380300365401e-02
4.520000000000000000e+02 -5.826090010150181825e-02
4.530000000000000000e+02 -2.127095124024803649e-02
4.540000000000000000e+02 4.401804806243997392e-03
4.550000000000000000e+02 -3.708801157512695013e-02
4.560000000000000000e+02 -5.362626509954791093e-02
4.570000000000000000e+02 1.450206821777522484e-02
4.580000000000000000e+02 -3.809173452892240797e-02
4.590000000000000000e+02 -4.797659114474675524e-02
4.600000000000000000e+02 -1.495766354304246815e-02
4.610000000000000000e+02 1.427457180809114934e-02
4.620000000000000000e+02 1.054374214999313220e-01
4.630000000000000000e+02 8.067807755461432750e-02
4.640000000000000000e+02 -6.316904705332236636e-02
4.650000000000000000e+02 -6.621246085901591472e-02
4.660000000000000000e+02 3.235868609377629337e-03
4.670000000000000000e+02 2.784994700862494441e-02
4.680000000000000000e+02 -6.585278128714554605e-03
4.690000000000000000e+02 1.086166398127712818e-01
4.700000000000000000e+02 5.885351101101219534e-02
4.710000000000000000e+02 8.200286838245360310e-02
4.720000000000000000e+02 -2.089353088909530129e-02
4.730000000000000000e+02 -4.484397932080589483e-02
4.740000000000000000e+02 -5.351441457980399274e-02
4.750000000000000000e+02 -5.689078215687463740e-03
4.760000000000000000e+02 -6.291749586414917272e-02
4.770000000000000000e+02 -3.168960268483430459e-02
4.780000000000000000e+02 -2.153848696961342332e-02
4.790000000000000000e+02 4.721423645996444818e-02
4.800000000000000000e+02 -2.364377795147763750e-02
4.810000000000000000e+02 -7.035320552487610291e-02
4.820000000000000000e+02 -2.237366363648183448e-02
4.830000000000000000e+02 9.429145618885323085e-03
4.840000000000000000e+02 2.804590292066733159e-02
4.850000000000000000e+02 -4.608295272568971312e-02
4.860000000000000000e+02 3.236875579257030705e-02
4.870000000000000000e+02 6.934127969705221328e-02
4.880000000000000000e+02 2.447583090708935552e-02
4.890000000000000000e+02 1.193979287614753068e-02
4.900000000000000000e+02 -2.240559030467577373e-02
4.910000000000000000e+02 -3.053975014242064218e-02
4.920000000000000000e+02 -1.014972534592644138e-01
4.930000000000000000e+02 3.039732930445675219e-02
4.940000000000000000e+02 -1.770544417798448553e-02
4.950000000000000000e+02 7.629074506074761536e-03
4.960000000000000000e+02 2.506374245204195939e-02
4.970000000000000000e+02 -3.932013853476812315e-02
4.980000000000000000e+02 5.084978428362849079e-02
4.990000000000000000e+02 5.655529093701440989e-03
5.000000000000000000e+02 7.484976238306366436e-02
5.010000000000000000e+02 8.446883392813599872e-03
5.020000000000000000e+02 1.593123476600012342e-02
5.030000000000000000e+02 -1.366885691978095632e-02
5.040000000000000000e+02 7.382069964223479663e-02
5.050000000000000000e+02 -1.051746390900913514e-01
5.060000000000000000e+02 -2.664159805602766759e-02
5.070000000000000000e+02 -1.525269969740226245e-02
5.080000000000000000e+02 -7.652103675526414350e-02
5.090000000000000000e+02 -3.973513258794536540e-02
5.100000000000000000e+02 -1.086061355232507131e-01
5.110000000000000000e+02 9.519361863731812257e-03
